media: 0.38649999999999995
z0: -0.7863510666362706
resultado: Aceptado
